27
51
58
23
50
21
43
46
59
57
28
53
39
30
38
32
35
49
29
18
19
36
44
45
47
54
26
40
24
31
17
52
60
37
25
41
48
55
22
34
56
16
42
33
20
15
54
40
35
26
27
38
21
29
31
24
39
59
53
18
34
37
58
43
45
11
30
20
55
44
14
33
32
42
56
51
41
22
50
12
25
13
60
23
36
16
46
49
52
17
57
47
19
15
10
28
48
27
51
58
23
50
21
43
46
59
57
28
53
39
30
38
32
35
49
29
18
19
36
44
45
47
54
26
40
24
31
17
52
60
37
25
41
48
55
22
34
56
16
42
33
20
15
54
40
35
26
27
38
21
29
31
24
39
59
53
18
34
37
58
43
45
11
30
20
55
44
14
33
32
42
56
51
41
22
50
12
25
13
60
23
36
16
46
49
52
17
57
47
19
15
10
28
48
27
51
58
23
50
21
43
46
59
57
28
53
39
30
38
32
35
49
29
18
19
36
44
45
47
54
26
40
24
31
17
52
60
37
25
41
48
55
22
34
56
16
42
33
20
15
54
40
35
26
27
38
21
29
31
24
39
59
53
18
34
37
58
43
45
11
30
20
55
44
14
33
32
42
56
51
41
22
50
12
25
13
60
23
36
16
46
49
52
17
57
47
19
15
10
28
48
27
51
58
23
50
21
43
46
59
57
28
53
39
30
38
32
35
49
29
18
19
36
44
45
47
54
26
40
24
31
17
52
60
37
25
41
48
55
22
34
56
16
42
33
20
15
54
40
35
26
27
38
21
29
31
24
39
59
53
18
34
37
58
43
45
11
30
20
55
44
14
33
32
42
56
51
41
22
50
12
25
13
60
23
36
16
46
49
52
17
57
47
19
15
10
28
48
27
51
58
23
50
21
43
46
59
57
28
53
39
30
38
32
35
49
29
18
19
36
44
45
47
54
26
40
24
31
17
52
60
37
25
41
48
55
22
34
56
16
42
33
20
15
54
40
35
26
27
38
21
29
31
24
39
59
53
18
34
37
58
43
45
11
30
20
55
44
14
33
32
42
56
51
41
22
50
12
25
13
60
23
36
16
46
49
52
17
57
47
19
15
10
28
48
27
51
58
23
50
21
43
46
59
57
28
53
39
30
38
32
35
49
29
18
19
36
44
45
47
54
26
40
24
31
17
52
60
37
25
41
48
55
22
34
56
16
42
33
20
15
54
40
35
26
27
38
21
29
31
24
39
59
53
18
34
37
58
43
45
11
30
20
55
44
14
33
32
42
56
51
41
22
50
12
25
13
60
23
36
16
46
49
52
17
57
47
19
15
10
28
48
27
51
58
23
50
21
43
46
59
57
28
53
39
30
38
32
35
49
29
18
19
36
44
45
47
54
26
40
24
31
17
52
60
37
25
41
48
55
22
34
56
16
42
33
20
15
54
40
35
26
27
38
21
29
31
24
39
59
53
18
34
37
58
43
45
11
30
20
55
44
14
33
32
42
56
51
41
22
50
12
25
13
60
23
36
16
46
49
52
17
57
47
19
15
10
28
48
27
51
58
23
50
21
43
46
59
57
28
53
39
30
38
32
35
49
29
18
19
36
44
45
47
54
26
40
24
31
17
52
60
37
25
41
48
55
22
34
56
16
42
33
20
15
54
40
35
26
27
38
21
29
31
24
39
59
53
18
34
37
58
43
45
11
30
20
55
44
14
33
32
42
56
51
41
22
50
12
25
13
60
23
36
16
46
49
52
17
57
47
19
15
10
28
48
27
51
58
23
50
21
43
46
59
57
28
53
39
30
38
32
35
49
29
18
19
36
44
45
47
54
26
40
24
31
17
52
60
37
25
41
48
55
22
34
56
16
42
33
20
15
54
40
35
26
27
38
21
29
31
24
39
59
53
18
34
37
58
43
45
11
30
20
55
44
14
33
32
42
56
51
41
22
50
12
25
13
60
23
36
16
46
49
52
17
57
47
19
15
10
28
48
27
51
58
23
50
21
43
46
59
57
28
53
39
30
38
32
35
49
29
18
19
36
44
45
47
54
26
40
24
31
17
52
60
37
25
41
48
55
22
34
56
16
42
33
20
15
54
40
35
26
27
38
21
29
31
24
39
59
53
18
34
37
58
43
45
11
30
20
55
44
14
33
32
42
56
51
41
22
50
12
25
13
60
23
36
16
46
49
52
17
57
47
19
15
10
28
48
27
51
58
23
50
21
43
46
59
57
28
53
39
30
38
32
35
49
29
18
19
36
44
45
47
54
26
40
24
31
